% File: moboSubjects.m
%
% (c) MJMJ/2014

gt_subjects = {'04002'  '04011'  '04015'  '04037'  '04070'  '04072',...
   '04074'  '04076'  '04078'  '04080'  '04085'  '04087'  '04089',...
   '04006'  '04013'  '04022'  '04068'  '04071'  '04073'  '04075',...
   '04077'  '04079'  '04081'  '04086'  '04088'};

gt_labels = [1:25]';